FuelModel WS[m/s] S[deg] DFM[-] LFM[-] ROS[m/s]
1 0 0 0.03 0.3 0.029744146726277426
2 0 0 0.03 0.3 0.020315383349177176
3 0 0 0.03 0.3 0.03414218133818337
4 0 0 0.03 0.3 0.056476368357302104
5 0 0 0.03 0.3 0.01716148080024188
6 0 0 0.03 0.3 0.013190961463586257
7 0 0 0.03 0.3 0.013516311940090384
8 0 0 0.03 0.3 0.0017828331048460964
9 0 0 0.03 0.3 0.006340463151528728
10 0 0 0.03 0.3 0.009654039525109204
11 0 0 0.03 0.3 0.004206953647802964
12 0 0 0.03 0.3 0.010564354829711782
13 0 0 0.03 0.3 0.0141824284405441
1 0 0 0.05 0.3 0.024733996158491995
2 0 0 0.05 0.3 0.017259851036129117
3 0 0 0.05 0.3 0.02753188312456817
4 0 0 0.05 0.3 0.05056576165218612
5 0 0 0.05 0.3 0.015582176254576386
6 0 0 0.05 0.3 0.010637047636730259
7 0 0 0.05 0.3 0.01189685865178495
8 0 0 0.05 0.3 0.0014544465177308364
9 0 0 0.05 0.3 0.005112880419514761
10 0 0 0.05 0.3 0.00855502293850631
11 0 0 0.05 0.3 0.0034012326075608034
12 0 0 0.05 0.3 0.008454055985051123
13 0 0 0.05 0.3 0.011436555807022367
1 0 0 0.07 0.3 0.022048625699548127
2 0 0 0.07 0.3 0.01565839186909904
3 0 0 0.07 0.3 0.023316785724195963
4 0 0 0.07 0.3 0.04652313647706844
5 0 0 0.07 0.3 0.01441079587268834
6 0 0 0.07 0.3 0.009008528743258448
7 0 0 0.07 0.3 0.010632158414562352
8 0 0 0.07 0.3 0.00122889921772421
9 0 0 0.07 0.3 0.004330104723889376
10 0 0 0.07 0.3 0.007782574672252573
11 0 0 0.07 0.3 0.003017288505386393
12 0 0 0.07 0.3 0.007261815503619914
13 0 0 0.07 0.3 0.009685633197287232
1 0 0 0.09 0.3 0.01743007100665308
2 0 0 0.09 0.3 0.014304500732676369
3 0 0 0.09 0.3 0.020644553609363455
4 0 0 0.09 0.3 0.043416032276753794
5 0 0 0.09 0.3 0.013490476836333518
6 0 0 0.09 0.3 0.007976101714084081
7 0 0 0.09 0.3 0.009647663477159459
8 0 0 0.09 0.3 0.0010750968619602866
9 0 0 0.09 0.3 0.0038338508645181088
10 0 0 0.09 0.3 0.007229427626798035
11 0 0 0.09 0.3 0.0027157080196479736
12 0 0 0.09 0.3 0.006559643956760148
13 0 0 0.09 0.3 0.008575606266970648
1 1.25 0 0.03 0.3 0.2209743036654233
2 1.25 0 0.03 0.3 0.12312534772397415
3 1.25 0 0.03 0.3 0.4347670726044485
4 1.25 0 0.03 0.3 0.48507598325706075
5 1.25 0 0.03 0.3 0.1742028075222097
6 1.25 0 0.03 0.3 0.12564120054377595
7 1.25 0 0.03 0.3 0.13971346442943547
8 1.25 0 0.03 0.3 0.0074636094551447305
9 1.25 0 0.03 0.3 0.02839775452650292
10 1.25 0 0.03 0.3 0.05065207977523423
11 1.25 0 0.03 0.3 0.02540755013566046
12 1.25 0 0.03 0.3 0.05817515858788559
13 1.25 0 0.03 0.3 0.0706086374998459
1 1.25 0 0.05 0.3 0.1837530465500786
2 1.25 0 0.05 0.3 0.10460669749426442
3 1.25 0 0.05 0.3 0.35059143148447736
4 1.25 0 0.05 0.3 0.4343097346025611
5 1.25 0 0.05 0.3 0.15817159850301837
6 1.25 0 0.05 0.3 0.10131569552450051
7 1.25 0 0.05 0.3 0.12297373317776976
8 1.25 0 0.05 0.3 0.006088859777301081
9 1.25 0 0.05 0.3 0.02289963991695719
10 1.25 0 0.05 0.3 0.044885843198915074
11 1.25 0 0.05 0.3 0.02054146425995794
12 1.25 0 0.05 0.3 0.04655429087425212
13 1.25 0 0.05 0.3 0.05693803614875281
1 1.25 0 0.07 0.3 0.1638029746011468
2 1.25 0 0.07 0.3 0.09490074149937985
3 1.25 0 0.07 0.3 0.29691631508372923
4 1.25 0 0.07 0.3 0.39958759437297586
5 1.25 0 0.07 0.3 0.14628114723156052
6 1.25 0 0.07 0.3 0.08580438731176371
7 1.25 0 0.07 0.3 0.10990096211490269
8 1.25 0 0.07 0.3 0.005144634007465413
9 1.25 0 0.07 0.3 0.01939373324698109
10 1.25 0 0.07 0.3 0.04083302042946582
11 1.25 0 0.07 0.3 0.018222665470629236
12 1.25 0 0.07 0.3 0.03998893215617033
13 1.25 0 0.07 0.3 0.04822089293457354
1 1.25 0 0.09 0.3 0.12949094956324161
2 1.25 0 0.09 0.3 0.08669521989600833
3 1.25 0 0.09 0.3 0.2628880694254469
4 1.25 0 0.09 0.3 0.3729006513401932
5 1.25 0 0.09 0.3 0.13693917017169718
6 1.25 0 0.09 0.3 0.0759707317607721
7 1.25 0 0.09 0.3 0.09972457679415384
8 1.25 0 0.09 0.3 0.004500759539584558
9 1.25 0 0.09 0.3 0.01717110456127425
10 1.25 0 0.09 0.3 0.03793081061346847
11 1.25 0 0.09 0.3 0.016401294960560194
12 1.25 0 0.09 0.3 0.03612225579467763
13 1.25 0 0.09 0.3 0.042694512916767256
1 2.5 0 0.03 0.3 0.8333836368992338
2 2.5 0 0.03 0.3 0.3859551045258864
3 2.5 0 0.03 0.3 1.0279799637153921
4 2.5 0 0.03 0.3 1.2031879107363164
5 2.5 0 0.03 0.3 0.43009137662495833
6 2.5 0 0.03 0.3 0.29798345717833835
7 2.5 0 0.03 0.3 0.33191542661818924
8 2.5 0 0.03 0.3 0.017678831131497336
9 2.5 0 0.03 0.3 0.07905831859430512
10 2.5 0 0.03 0.3 0.12018514952634635
11 2.5 0 0.03 0.3 0.0513308790378761
12 2.5 0 0.03 0.3 0.11496001772996675
13 2.5 0 0.03 0.3 0.13856461554614957
1 2.5 0 0.05 0.3 0.6930071944341673
2 2.5 0 0.05 0.3 0.32790558249644103
3 2.5 0 0.05 0.3 0.8289518450819611
4 2.5 0 0.05 0.3 1.0772667380482877
5 2.5 0 0.05 0.3 0.3905117346312586
6 2.5 0 0.05 0.3 0.24029061397180462
7 2.5 0 0.05 0.3 0.29214706883992597
8 2.5 0 0.05 0.3 0.014422502199933896
9 2.5 0 0.05 0.3 0.06375176694199748
10 2.5 0 0.05 0.3 0.1065032630528901
11 2.5 0 0.05 0.3 0.04149992469005699
12 2.5 0 0.05 0.3 0.09199600369331058
13 2.5 0 0.05 0.3 0.11173699660925929
1 2.5 0 0.07 0.3 0.61776738943686
2 2.5 0 0.07 0.3 0.2974807891474115
3 2.5 0 0.07 0.3 0.702040338468716
4 2.5 0 0.07 0.3 0.9911415518895889
5 2.5 0 0.07 0.3 0.36115525852864866
6 2.5 0 0.07 0.3 0.2035024168948464
7 2.5 0 0.07 0.3 0.26109025980485295
8 2.5 0 0.07 0.3 0.01218594252525446
9 2.5 0 0.07 0.3 0.05399144993460195
10 2.5 0 0.07 0.3 0.09688689364197015
11 2.5 0 0.07 0.3 0.03681525499413272
12 2.5 0 0.07 0.3 0.07902218852967742
13 2.5 0 0.07 0.3 0.09463020003446182
1 2.5 0 0.09 0.3 0.4883628399433464
2 2.5 0 0.09 0.3 0.27175933530657875
3 2.5 0 0.09 0.3 0.6215826475779328
4 2.5 0 0.09 0.3 0.9249469590013716
5 2.5 0 0.09 0.3 0.33809074061860783
6 2.5 0 0.09 0.3 0.18017991866096117
7 2.5 0 0.09 0.3 0.236914356008026
8 2.5 0 0.09 0.3 0.010660816102716101
9 2.5 0 0.09 0.3 0.04780373228997409
10 2.5 0 0.09 0.3 0.09000065082153191
11 2.5 0 0.09 0.3 0.033135539758452105
12 2.5 0 0.09 0.3 0.07138124359951939
13 2.5 0 0.09 0.3 0.08378505771698089
1 3.75 0 0.03 0.3 1.8909235937242306
2 3.75 0 0.03 0.3 0.788345641252099
3 3.75 0 0.03 0.3 1.7250836995932652
4 3.75 0 0.03 0.3 2.095717419134999
5 3.75 0 0.03 0.3 0.7440705195259555
6 3.75 0 0.03 0.3 0.5036477844059072
7 3.75 0 0.03 0.3 0.5606347146131904
8 3.75 0 0.03 0.3 0.03080273273394848
9 3.75 0 0.03 0.3 0.15245843334043213
10 3.75 0 0.03 0.3 0.2070964382073587
11 3.75 0 0.03 0.3 0.07939712568398448
12 3.75 0 0.03 0.3 0.17581424582811933
13 3.75 0 0.03 0.3 0.21168035747748298
1 3.75 0 0.05 0.3 1.572413467886037
2 3.75 0 0.05 0.3 0.6697746283751039
3 3.75 0 0.05 0.3 1.3910887042294218
4 3.75 0 0.05 0.3 1.8763874269655203
5 3.75 0 0.05 0.3 0.6755965942591763
6 3.75 0 0.05 0.3 0.4061360871721308
7 3.75 0 0.05 0.3 0.4934624167154521
8 3.75 0 0.05 0.3 0.025129064094506184
9 3.75 0 0.05 0.3 0.12294081993493625
10 3.75 0 0.05 0.3 0.18352056408499806
11 3.75 0 0.05 0.3 0.06419088856945242
12 3.75 0 0.05 0.3 0.14069420245334682
13 3.75 0 0.05 0.3 0.17069673446198635
1 3.75 0 0.07 0.3 1.352662598288667
2 3.75 0 0.07 0.3 0.6076294385811581
3 3.75 0 0.07 0.3 1.1781147367621476
4 3.75 0 0.07 0.3 1.7263742401237638
5 3.75 0 0.07 0.3 0.6248090416313362
6 3.75 0 0.07 0.3 0.34395715238982505
7 3.75 0 0.07 0.3 0.4410047004605116
8 3.75 0 0.07 0.3 0.021232191649136405
9 3.75 0 0.07 0.3 0.10411873180668346
10 3.75 0 0.07 0.3 0.16695016531829235
11 3.75 0 0.07 0.3 0.05694477637330633
12 3.75 0 0.07 0.3 0.12085268212698907
13 3.75 0 0.07 0.3 0.1445632746318924
1 3.75 0 0.09 0.3 0.7582809305255925
2 3.75 0 0.09 0.3 0.5550912138386804
3 3.75 0 0.09 0.3 1.0430962967519382
4 3.75 0 0.09 0.3 1.6110762387637845
5 3.75 0 0.09 0.3 0.584906758636007
6 3.75 0 0.09 0.3 0.30453776759063134
7 3.75 0 0.09 0.3 0.4001694459387584
8 3.75 0 0.09 0.3 0.018574885788273578
9 3.75 0 0.09 0.3 0.09218615146818802
10 3.75 0 0.09 0.3 0.15508417050641973
11 3.75 0 0.09 0.3 0.05125309879979299
12 3.75 0 0.09 0.3 0.10916699351248788
13 3.75 0 0.09 0.3 0.12799552684426224
1 5 0 0.03 0.3 2.4948157422778983
2 5 0 0.03 0.3 1.3206991206180836
3 5 0 0.03 0.3 2.4995744577964865
4 5 0 0.03 0.3 3.1244851012461523
5 5 0 0.03 0.3 1.1029336302401835
6 5 0 0.03 0.3 0.7344590199298632
7 5 0 0.03 0.3 0.8168466108258488
8 5 0 0.03 0.3 0.046263153695185265
9 5 0 0.03 0.3 0.24607463587030892
10 5 0 0.03 0.3 0.3076469729329037
11 5 0 0.03 0.3 0.10895232463022089
12 5 0 0.03 0.3 0.23947152656618192
13 5 0 0.03 0.3 0.288362259534894
1 5 0 0.05 0.3 1.6614603649165829
2 5 0 0.05 0.3 1.12205955918317
3 5 0 0.05 0.3 2.015629615212815
4 5 0 0.05 0.3 2.7974881089356027
5 5 0 0.05 0.3 1.0014349241506069
6 5 0 0.05 0.3 0.5922597533005134
7 5 0 0.05 0.3 0.7189763533320561
8 5 0 0.05 0.3 0.03235192896492879
9 5 0 0.05 0.3 0.19843190590535625
10 5 0 0.05 0.3 0.27262441836473106
11 5 0 0.05 0.3 0.08808563873656766
12 5 0 0.05 0.3 0.19163552578926324
13 5 0 0.05 0.3 0.23253218499464273
1 5 0 0.07 0.3 1.352662598288667
2 5 0 0.07 0.3 1.0179490101844446
3 5 0 0.07 0.3 1.70703920340712
4 5 0 0.07 0.3 2.5738348802140587
5 5 0 0.07 0.3 0.9261526782869685
6 5 0 0.07 0.3 0.5015855144485267
7 5 0 0.07 0.3 0.6425452893654295
8 5 0 0.07 0.3 0.023798409729155177
9 5 0 0.07 0.3 0.16805222548363466
10 5 0 0.07 0.3 0.24800867381115327
11 5 0 0.07 0.3 0.07814219605523191
12 5 0 0.07 0.3 0.16460996173689404
13 5 0 0.07 0.3 0.196931793839446
1 5 0 0.09 0.3 0.7582809305255925
2 5 0 0.09 0.3 0.9299328107087671
3 5 0 0.09 0.3 1.5114031052510601
4 5 0 0.09 0.3 2.4019381902483836
5 5 0 0.09 0.3 0.8670056368654809
6 5 0 0.09 0.3 0.4441010508565641
7 5 0 0.09 0.3 0.5830481901154858
8 5 0 0.09 0.3 0.01892676740073703
9 5 0 0.09 0.3 0.1487925145089597
10 5 0 0.09 0.3 0.23038143977318795
11 5 0 0.09 0.3 0.07033181882384226
12 5 0 0.09 0.3 0.14869322143914007
13 5 0 0.09 0.3 0.17436232521053235
