FuelModel WS[m/s] S[deg] DFM[-] LFM[-] ROS[m/s]
1 0 0 0.03 0.3 0.029744146726277426
2 0 0 0.03 0.3 0.020315383349177176
3 0 0 0.03 0.3 0.03414218133818337
4 0 0 0.03 0.3 0.056476368357302104
5 0 0 0.03 0.3 0.01716148080024188
6 0 0 0.03 0.3 0.013190961463586257
7 0 0 0.03 0.3 0.013516311940090384
8 0 0 0.03 0.3 0.0017828331048460964
9 0 0 0.03 0.3 0.006340463151528728
10 0 0 0.03 0.3 0.009654039525109204
11 0 0 0.03 0.3 0.004206953647802964
12 0 0 0.03 0.3 0.010564354829711782
13 0 0 0.03 0.3 0.0141824284405441
1 0 0 0.05 0.3 0.024733996158491995
2 0 0 0.05 0.3 0.017259851036129117
3 0 0 0.05 0.3 0.02753188312456817
4 0 0 0.05 0.3 0.05056576165218612
5 0 0 0.05 0.3 0.015582176254576386
6 0 0 0.05 0.3 0.010637047636730259
7 0 0 0.05 0.3 0.01189685865178495
8 0 0 0.05 0.3 0.0014544465177308364
9 0 0 0.05 0.3 0.005112880419514761
10 0 0 0.05 0.3 0.00855502293850631
11 0 0 0.05 0.3 0.0034012326075608034
12 0 0 0.05 0.3 0.008454055985051123
13 0 0 0.05 0.3 0.011436555807022367
1 0 0 0.07 0.3 0.022048625699548127
2 0 0 0.07 0.3 0.01565839186909904
3 0 0 0.07 0.3 0.023316785724195963
4 0 0 0.07 0.3 0.04652313647706844
5 0 0 0.07 0.3 0.01441079587268834
6 0 0 0.07 0.3 0.009008528743258448
7 0 0 0.07 0.3 0.010632158414562352
8 0 0 0.07 0.3 0.00122889921772421
9 0 0 0.07 0.3 0.004330104723889376
10 0 0 0.07 0.3 0.007782574672252573
11 0 0 0.07 0.3 0.003017288505386393
12 0 0 0.07 0.3 0.007261815503619914
13 0 0 0.07 0.3 0.009685633197287232
1 0 0 0.09 0.3 0.01743007100665308
2 0 0 0.09 0.3 0.014304500732676369
3 0 0 0.09 0.3 0.020644553609363455
4 0 0 0.09 0.3 0.043416032276753794
5 0 0 0.09 0.3 0.013490476836333518
6 0 0 0.09 0.3 0.007976101714084081
7 0 0 0.09 0.3 0.009647663477159459
8 0 0 0.09 0.3 0.0010750968619602866
9 0 0 0.09 0.3 0.0038338508645181088
10 0 0 0.09 0.3 0.007229427626798035
11 0 0 0.09 0.3 0.0027157080196479736
12 0 0 0.09 0.3 0.006559643956760148
13 0 0 0.09 0.3 0.008575606266970648
1 0 5 0.03 0.3 0.03911175802477695
2 0 5 0.03 0.3 0.024170616936962513
3 0 5 0.03 0.3 0.04343998911696453
4 0 5 0.03 0.3 0.06858011473959427
5 0 5 0.03 0.3 0.02133485201982389
6 0 5 0.03 0.3 0.01610876973860799
7 0 5 0.03 0.3 0.01669931330884138
8 0 5 0.03 0.3 0.0019780747056058544
9 0 5 0.03 0.3 0.007114684261942052
10 0 5 0.03 0.3 0.010971684382302695
11 0 5 0.03 0.3 0.0047885237172772144
12 0 5 0.03 0.3 0.011912880675281817
13 0 5 0.03 0.3 0.01586008188114371
1 0 5 0.05 0.3 0.03252371236731636
2 0 5 0.05 0.3 0.020535238770190832
3 0 5 0.05 0.3 0.035029534037511384
4 0 5 0.05 0.3 0.06140277494584212
5 0 5 0.05 0.3 0.019371488300328685
6 0 5 0.05 0.3 0.01298993644638446
7 0 5 0.05 0.3 0.014698489565625451
8 0 5 0.05 0.3 0.0016137258499180954
9 0 5 0.05 0.3 0.005737203889457621
10 0 5 0.05 0.3 0.009722667005922503
11 0 5 0.05 0.3 0.003871419647750857
12 0 5 0.05 0.3 0.009533204989368363
13 0 5 0.05 0.3 0.012789397267051231
1 0 5 0.07 0.3 0.028992612263365202
2 0 5 0.07 0.3 0.018629872014311287
3 0 5 0.07 0.3 0.029666555515856785
4 0 5 0.07 0.3 0.05649375359013561
5 0 5 0.07 0.3 0.017915248748660507
6 0 5 0.07 0.3 0.011001193173778618
7 0 5 0.07 0.3 0.013135960852411617
8 0 5 0.07 0.3 0.0013634784162979328
9 0 5 0.07 0.3 0.004858845039449339
10 0 5 0.07 0.3 0.008844790076068412
11 0 5 0.07 0.3 0.003434399040135885
12 0 5 0.07 0.3 0.008188776595919746
13 0 5 0.07 0.3 0.010831356295833773
1 0 5 0.09 0.3 0.02291949155040412
2 0 5 0.09 0.3 0.017019054070570805
3 0 5 0.09 0.3 0.026266604796934618
4 0 5 0.09 0.3 0.05272074961053566
5 0 5 0.09 0.3 0.01677112425962572
6 0 5 0.09 0.3 0.009740395821682993
7 0 5 0.09 0.3 0.011919623919413225
8 0 5 0.09 0.3 0.0011928328585212426
9 0 5 0.09 0.3 0.004301994626661199
10 0 5 0.09 0.3 0.008216145995634964
11 0 5 0.09 0.3 0.003091128010900614
12 0 5 0.09 0.3 0.007396973784848636
13 0 5 0.09 0.3 0.009590023185717953
1 0 10 0.03 0.3 0.0677948632428912
2 0 10 0.03 0.3 0.035975127939310306
3 0 10 0.03 0.3 0.07190935983682974
4 0 10 0.03 0.3 0.10564111353149172
5 0 10 0.03 0.3 0.03411348277115477
6 0 10 0.03 0.3 0.025042936527972768
7 0 10 0.03 0.3 0.026445486613866375
8 0 10 0.03 0.3 0.0025758936371452334
9 0 10 0.03 0.3 0.009485306276929768
10 0 10 0.03 0.3 0.015006239710729044
11 0 10 0.03 0.3 0.00656925895093362
12 0 10 0.03 0.3 0.016041991873995565
13 0 10 0.03 0.3 0.020996963485524323
1 0 10 0.05 0.3 0.056375390507799
2 0 10 0.05 0.3 0.030564293991692335
3 0 10 0.05 0.3 0.057986924472689626
4 0 10 0.05 0.3 0.09458510741536154
5 0 10 0.05 0.3 0.030974151204370234
6 0 10 0.05 0.3 0.020194351226558473
7 0 10 0.05 0.3 0.02327692773127397
8 0 10 0.05 0.3 0.0021014303135874967
9 0 10 0.05 0.3 0.007648847659452394
10 0 10 0.05 0.3 0.013297928251910599
11 0 10 0.05 0.3 0.0053111062355285996
12 0 10 0.05 0.3 0.012837499270004517
13 0 10 0.05 0.3 0.016931722637410128
1 0 10 0.07 0.3 0.050254713229813286
2 0 10 0.07 0.3 0.027728379087540563
3 0 10 0.07 0.3 0.04910919774784007
4 0 10 0.07 0.3 0.08702322910215274
5 0 10 0.07 0.3 0.02864568870505937
6 0 10 0.07 0.3 0.017102620923471732
7 0 10 0.07 0.3 0.020802464775530716
8 0 10 0.07 0.3 0.0017755524434811365
9 0 10 0.07 0.3 0.006477818502480898
10 0 10 0.07 0.3 0.012097234613005128
11 0 10 0.07 0.3 0.004711568317827835
12 0 10 0.07 0.3 0.011027079947361433
13 0 10 0.07 0.3 0.014339496753337405
1 0 10 0.09 0.3 0.03972779219670755
2 0 10 0.09 0.3 0.025330865537756795
3 0 10 0.09 0.3 0.04348101310405105
4 0 10 0.09 0.3 0.08121127700383453
5 0 10 0.09 0.3 0.026816284357258947
6 0 10 0.09 0.3 0.015142566333611086
7 0 10 0.09 0.3 0.01887624053596694
8 0 10 0.09 0.3 0.0015533339371535692
9 0 10 0.09 0.3 0.005735424810608406
10 0 10 0.09 0.3 0.011237422806995516
11 0 10 0.09 0.3 0.0042406431612365195
12 0 10 0.09 0.3 0.009960831186273335
13 0 10 0.09 0.3 0.01269611141763732
1 0 15 0.03 0.3 0.11761203761080166
2 0 15 0.03 0.3 0.056477349663912664
3 0 15 0.03 0.3 0.12135531746628936
4 0 15 0.03 0.3 0.17000911779829941
5 0 15 0.03 0.3 0.056307567807671814
6 0 15 0.03 0.3 0.04055990867562928
7 0 15 0.03 0.3 0.04337276179081197
8 0 15 0.03 0.3 0.0036141930027985417
9 0 15 0.03 0.3 0.013602632116757876
10 0 15 0.03 0.3 0.02201350565229335
11 0 15 0.03 0.3 0.00966206208237837
12 0 15 0.03 0.3 0.023213483628692626
13 0 15 0.03 0.3 0.029918763431756378
1 0 15 0.05 0.3 0.09780128215572641
2 0 15 0.05 0.3 0.04798288200424191
3 0 15 0.05 0.3 0.09785960609640763
4 0 15 0.05 0.3 0.1522165957077823
5 0 15 0.05 0.3 0.051125800637978
6 0 15 0.05 0.3 0.03270706854197735
7 0 15 0.05 0.3 0.038176065974945134
8 0 15 0.05 0.3 0.002948481500056774
9 0 15 0.05 0.3 0.010969014367170534
10 0 15 0.05 0.3 0.019507486510956417
11 0 15 0.05 0.3 0.007811571831323707
12 0 15 0.05 0.3 0.018576438728950685
13 0 15 0.05 0.3 0.024126164929992394
1 0 15 0.07 0.3 0.087182994990769
2 0 15 0.07 0.3 0.043530779486939467
3 0 15 0.07 0.3 0.08287742091887683
4 0 15 0.07 0.3 0.14004720239157606
5 0 15 0.07 0.3 0.047282450460363494
6 0 15 0.07 0.3 0.027699656627531828
7 0 15 0.07 0.3 0.03411774426936659
8 0 15 0.07 0.3 0.0024912477459447077
9 0 15 0.07 0.3 0.00928967177609119
10 0 15 0.07 0.3 0.017746120791347093
11 0 15 0.07 0.3 0.006929771825443079
12 0 15 0.07 0.3 0.01595668055693905
13 0 15 0.07 0.3 0.020432478791007777
1 0 15 0.09 0.3 0.06892065809312217
2 0 15 0.09 0.3 0.03976692321091639
3 0 15 0.09 0.3 0.07337921184351116
4 0 15 0.09 0.3 0.13069397980720313
5 0 15 0.09 0.3 0.04426284351924743
6 0 15 0.09 0.3 0.024525123358432363
7 0 15 0.09 0.3 0.03095857891468254
8 0 15 0.09 0.3 0.0021794567002742316
9 0 15 0.09 0.3 0.008225024206312145
10 0 15 0.09 0.3 0.01648481400054803
11 0 15 0.09 0.3 0.006237135390629928
12 0 15 0.09 0.3 0.014413770651857075
13 0 15 0.09 0.3 0.018090804142674666
1 1.25 0 0.03 0.3 0.2209743036654233
2 1.25 0 0.03 0.3 0.12312534772397415
3 1.25 0 0.03 0.3 0.4347670726044485
4 1.25 0 0.03 0.3 0.48507598325706075
5 1.25 0 0.03 0.3 0.1742028075222097
6 1.25 0 0.03 0.3 0.12564120054377595
7 1.25 0 0.03 0.3 0.13971346442943547
8 1.25 0 0.03 0.3 0.0074636094551447305
9 1.25 0 0.03 0.3 0.02839775452650292
10 1.25 0 0.03 0.3 0.05065207977523423
11 1.25 0 0.03 0.3 0.02540755013566046
12 1.25 0 0.03 0.3 0.05817515858788559
13 1.25 0 0.03 0.3 0.0706086374998459
1 1.25 0 0.05 0.3 0.1837530465500786
2 1.25 0 0.05 0.3 0.10460669749426442
3 1.25 0 0.05 0.3 0.35059143148447736
4 1.25 0 0.05 0.3 0.4343097346025611
5 1.25 0 0.05 0.3 0.15817159850301837
6 1.25 0 0.05 0.3 0.10131569552450051
7 1.25 0 0.05 0.3 0.12297373317776976
8 1.25 0 0.05 0.3 0.006088859777301081
9 1.25 0 0.05 0.3 0.02289963991695719
10 1.25 0 0.05 0.3 0.044885843198915074
11 1.25 0 0.05 0.3 0.02054146425995794
12 1.25 0 0.05 0.3 0.04655429087425212
13 1.25 0 0.05 0.3 0.05693803614875281
1 1.25 0 0.07 0.3 0.1638029746011468
2 1.25 0 0.07 0.3 0.09490074149937985
3 1.25 0 0.07 0.3 0.29691631508372923
4 1.25 0 0.07 0.3 0.39958759437297586
5 1.25 0 0.07 0.3 0.14628114723156052
6 1.25 0 0.07 0.3 0.08580438731176371
7 1.25 0 0.07 0.3 0.10990096211490269
8 1.25 0 0.07 0.3 0.005144634007465413
9 1.25 0 0.07 0.3 0.01939373324698109
10 1.25 0 0.07 0.3 0.04083302042946582
11 1.25 0 0.07 0.3 0.018222665470629236
12 1.25 0 0.07 0.3 0.03998893215617033
13 1.25 0 0.07 0.3 0.04822089293457354
1 1.25 0 0.09 0.3 0.12949094956324161
2 1.25 0 0.09 0.3 0.08669521989600833
3 1.25 0 0.09 0.3 0.2628880694254469
4 1.25 0 0.09 0.3 0.3729006513401932
5 1.25 0 0.09 0.3 0.13693917017169718
6 1.25 0 0.09 0.3 0.0759707317607721
7 1.25 0 0.09 0.3 0.09972457679415384
8 1.25 0 0.09 0.3 0.004500759539584558
9 1.25 0 0.09 0.3 0.01717110456127425
10 1.25 0 0.09 0.3 0.03793081061346847
11 1.25 0 0.09 0.3 0.016401294960560194
12 1.25 0 0.09 0.3 0.03612225579467763
13 1.25 0 0.09 0.3 0.042694512916767256
1 1.25 5 0.03 0.3 0.2303419149639228
2 1.25 5 0.03 0.3 0.12698058131175952
3 1.25 5 0.03 0.3 0.44406488038322967
4 1.25 5 0.03 0.3 0.4971797296393529
5 1.25 5 0.03 0.3 0.17837617874179176
6 1.25 5 0.03 0.3 0.1285590088187977
7 1.25 5 0.03 0.3 0.14289646579818646
8 1.25 5 0.03 0.3 0.00765885105590449
9 1.25 5 0.03 0.3 0.029171975636916238
10 1.25 5 0.03 0.3 0.05196972463242772
11 1.25 5 0.03 0.3 0.02598912020513471
12 1.25 5 0.03 0.3 0.05952368443345563
13 1.25 5 0.03 0.3 0.07228629094044553
1 1.25 5 0.05 0.3 0.19154276275890295
2 1.25 5 0.05 0.3 0.10788208522832612
3 1.25 5 0.05 0.3 0.3580890823974207
4 1.25 5 0.05 0.3 0.4451467478962172
5 1.25 5 0.05 0.3 0.16196091054877068
6 1.25 5 0.05 0.3 0.1036685843341547
7 1.25 5 0.05 0.3 0.12577536409161025
8 1.25 5 0.05 0.3 0.006248139109488341
9 1.25 5 0.05 0.3 0.023523963386900045
10 1.25 5 0.05 0.3 0.04605348726633127
11 1.25 5 0.05 0.3 0.021011651300147993
12 1.25 5 0.05 0.3 0.047633439878569356
13 1.25 5 0.05 0.3 0.05829087760878169
1 1.25 5 0.07 0.3 0.17074696116496382
2 1.25 5 0.07 0.3 0.09787222164459211
3 1.25 5 0.07 0.3 0.30326608487539003
4 1.25 5 0.07 0.3 0.4095582114860431
5 1.25 5 0.07 0.3 0.1497856001075327
6 1.25 5 0.07 0.3 0.08779705174228387
7 1.25 5 0.07 0.3 0.11240476455275195
8 1.25 5 0.07 0.3 0.005279213206039137
9 1.25 5 0.07 0.3 0.01992247356254105
10 1.25 5 0.07 0.3 0.04189523583328166
11 1.25 5 0.07 0.3 0.01863977600537873
12 1.25 5 0.07 0.3 0.04091589324847016
13 1.25 5 0.07 0.3 0.04936661603312007
1 1.25 5 0.09 0.3 0.13498037010699263
2 1.25 5 0.09 0.3 0.08940977323390277
3 1.25 5 0.09 0.3 0.26851012061301816
4 1.25 5 0.09 0.3 0.3822053686739751
5 1.25 5 0.09 0.3 0.1402198175949894
6 1.25 5 0.09 0.3 0.07773502586837101
7 1.25 5 0.09 0.3 0.1019965372364076
8 1.25 5 0.09 0.3 0.0046184955361455145
9 1.25 5 0.09 0.3 0.017639248323417338
10 1.25 5 0.09 0.3 0.038917528982305404
11 1.25 5 0.09 0.3 0.016776714951812835
12 1.25 5 0.09 0.3 0.03695958562276612
13 1.25 5 0.09 0.3 0.04370892983551457
1 1.25 10 0.03 0.3 0.2590250201820371
2 1.25 10 0.03 0.3 0.1387850923141073
3 1.25 10 0.03 0.3 0.4725342511030949
4 1.25 10 0.03 0.3 0.5342407284312504
5 1.25 10 0.03 0.3 0.19115480949312263
6 1.25 10 0.03 0.3 0.13749317560816246
7 1.25 10 0.03 0.3 0.1526426391032115
8 1.25 10 0.03 0.3 0.008256669987443867
9 1.25 10 0.03 0.3 0.03154259765190396
10 1.25 10 0.03 0.3 0.05600427996085407
11 1.25 10 0.03 0.3 0.027769855438791114
12 1.25 10 0.03 0.3 0.06365279563216938
13 1.25 10 0.03 0.3 0.07742317254482613
1 1.25 10 0.05 0.3 0.2153944408993856
2 1.25 10 0.05 0.3 0.11791114044982764
3 1.25 10 0.05 0.3 0.3810464728325988
4 1.25 10 0.05 0.3 0.47832908036573657
5 1.25 10 0.05 0.3 0.17356357345281223
6 1.25 10 0.05 0.3 0.1108729991143287
7 1.25 10 0.05 0.3 0.1343538022572588
8 1.25 10 0.05 0.3 0.006735843573157742
9 1.25 10 0.05 0.3 0.025435607156894822
10 1.25 10 0.05 0.3 0.04962874851231937
11 1.25 10 0.05 0.3 0.022451337887925735
12 1.25 10 0.05 0.3 0.05093773415920552
13 1.25 10 0.05 0.3 0.06243320297914058
1 1.25 10 0.07 0.3 0.19200906213141195
2 1.25 10 0.07 0.3 0.10697072871782139
3 1.25 10 0.07 0.3 0.3227087271073733
4 1.25 10 0.07 0.3 0.44008768699806017
5 1.25 10 0.07 0.3 0.16051604006393155
6 1.25 10 0.07 0.3 0.093898479491977
7 1.25 10 0.07 0.3 0.12007126847587107
8 1.25 10 0.07 0.3 0.0056912872332223405
9 1.25 10 0.07 0.3 0.02154144702557261
10 1.25 10 0.07 0.3 0.04514768037021838
11 1.25 10 0.07 0.3 0.01991694528307068
12 1.25 10 0.07 0.3 0.04375419659991185
13 1.25 10 0.07 0.3 0.052874756490623696
1 1.25 10 0.09 0.3 0.15178867075329608
2 1.25 10 0.09 0.3 0.09772158470108876
3 1.25 10 0.09 0.3 0.2857245289201345
4 1.25 10 0.09 0.3 0.41069589606727397
5 1.25 10 0.09 0.3 0.15026497769262262
6 1.25 10 0.09 0.3 0.08313719638029911
7 1.25 10 0.09 0.3 0.10895315385296132
8 1.25 10 0.09 0.3 0.00497899661477784
9 1.25 10 0.09 0.3 0.019072678507364545
10 1.25 10 0.09 0.3 0.04193880579366595
11 1.25 10 0.09 0.3 0.01792623010214874
12 1.25 10 0.09 0.3 0.039523443024190814
13 1.25 10 0.09 0.3 0.04681501806743392
1 1.25 15 0.03 0.3 0.30884219454994755
2 1.25 15 0.03 0.3 0.15928731403870966
3 1.25 15 0.03 0.3 0.5219802087325545
4 1.25 15 0.03 0.3 0.598608732698058
5 1.25 15 0.03 0.3 0.21334889452963965
6 1.25 15 0.03 0.3 0.15301014775581898
7 1.25 15 0.03 0.3 0.16956991428015708
8 1.25 15 0.03 0.3 0.009294969353097177
9 1.25 15 0.03 0.3 0.03565992349173207
10 1.25 15 0.03 0.3 0.06301154590241836
11 1.25 15 0.03 0.3 0.030862658570235863
12 1.25 15 0.03 0.3 0.07082428738686646
13 1.25 15 0.03 0.3 0.0863449724910582
1 1.25 15 0.05 0.3 0.256820332547313
2 1.25 15 0.05 0.3 0.1353297284623772
3 1.25 15 0.05 0.3 0.4209191544563169
4 1.25 15 0.05 0.3 0.5359605686581573
5 1.25 15 0.05 0.3 0.19371522288641999
6 1.25 15 0.05 0.3 0.12338571642974758
7 1.25 15 0.05 0.3 0.14925294050092996
8 1.25 15 0.05 0.3 0.007582894759627021
9 1.25 15 0.05 0.3 0.02875577386461296
10 1.25 15 0.05 0.3 0.055838306771365184
11 1.25 15 0.05 0.3 0.024951803483720843
12 1.25 15 0.05 0.3 0.05667667361815169
13 1.25 15 0.05 0.3 0.06962764527172285
1 1.25 15 0.07 0.3 0.2289373438923676
2 1.25 15 0.07 0.3 0.1227731291172203
3 1.25 15 0.07 0.3 0.3564769502784101
4 1.25 15 0.07 0.3 0.49311166028748343
5 1.25 15 0.07 0.3 0.17915280181923568
6 1.25 15 0.07 0.3 0.10449551519603709
7 1.25 15 0.07 0.3 0.13338654796970695
8 1.25 15 0.07 0.3 0.006406982535685913
9 1.25 15 0.07 0.3 0.024353300299182902
10 1.25 15 0.07 0.3 0.050796566548560344
11 1.25 15 0.07 0.3 0.022135148790685923
12 1.25 15 0.07 0.3 0.048683797209489475
13 1.25 15 0.07 0.3 0.05896773852829408
1 1.25 15 0.09 0.3 0.18098153664971067
2 1.25 15 0.09 0.3 0.11215764237424836
3 1.25 15 0.09 0.3 0.31562272765959465
4 1.25 15 0.09 0.3 0.46017859887064255
5 1.25 15 0.09 0.3 0.16771153685461107
6 1.25 15 0.09 0.3 0.09251975340512038
7 1.25 15 0.09 0.3 0.12103549223167691
8 1.25 15 0.09 0.3 0.005605119377898505
9 1.25 15 0.09 0.3 0.02156227790306828
10 1.25 15 0.09 0.3 0.047186196987218466
11 1.25 15 0.09 0.3 0.019922722331542148
12 1.25 15 0.09 0.3 0.043976382489774556
13 1.25 15 0.09 0.3 0.052209710792471276
1 2.5 0 0.03 0.3 0.8333836368992338
2 2.5 0 0.03 0.3 0.3859551045258864
3 2.5 0 0.03 0.3 1.0279799637153921
4 2.5 0 0.03 0.3 1.2031879107363164
5 2.5 0 0.03 0.3 0.43009137662495833
6 2.5 0 0.03 0.3 0.29798345717833835
7 2.5 0 0.03 0.3 0.33191542661818924
8 2.5 0 0.03 0.3 0.017678831131497336
9 2.5 0 0.03 0.3 0.07905831859430512
10 2.5 0 0.03 0.3 0.12018514952634635
11 2.5 0 0.03 0.3 0.0513308790378761
12 2.5 0 0.03 0.3 0.11496001772996675
13 2.5 0 0.03 0.3 0.13856461554614957
1 2.5 0 0.05 0.3 0.6930071944341673
2 2.5 0 0.05 0.3 0.32790558249644103
3 2.5 0 0.05 0.3 0.8289518450819611
4 2.5 0 0.05 0.3 1.0772667380482877
5 2.5 0 0.05 0.3 0.3905117346312586
6 2.5 0 0.05 0.3 0.24029061397180462
7 2.5 0 0.05 0.3 0.29214706883992597
8 2.5 0 0.05 0.3 0.014422502199933896
9 2.5 0 0.05 0.3 0.06375176694199748
10 2.5 0 0.05 0.3 0.1065032630528901
11 2.5 0 0.05 0.3 0.04149992469005699
12 2.5 0 0.05 0.3 0.09199600369331058
13 2.5 0 0.05 0.3 0.11173699660925929
1 2.5 0 0.07 0.3 0.61776738943686
2 2.5 0 0.07 0.3 0.2974807891474115
3 2.5 0 0.07 0.3 0.702040338468716
4 2.5 0 0.07 0.3 0.9911415518895889
5 2.5 0 0.07 0.3 0.36115525852864866
6 2.5 0 0.07 0.3 0.2035024168948464
7 2.5 0 0.07 0.3 0.26109025980485295
8 2.5 0 0.07 0.3 0.01218594252525446
9 2.5 0 0.07 0.3 0.05399144993460195
10 2.5 0 0.07 0.3 0.09688689364197015
11 2.5 0 0.07 0.3 0.03681525499413272
12 2.5 0 0.07 0.3 0.07902218852967742
13 2.5 0 0.07 0.3 0.09463020003446182
1 2.5 0 0.09 0.3 0.4883628399433464
2 2.5 0 0.09 0.3 0.27175933530657875
3 2.5 0 0.09 0.3 0.6215826475779328
4 2.5 0 0.09 0.3 0.9249469590013716
5 2.5 0 0.09 0.3 0.33809074061860783
6 2.5 0 0.09 0.3 0.18017991866096117
7 2.5 0 0.09 0.3 0.236914356008026
8 2.5 0 0.09 0.3 0.010660816102716101
9 2.5 0 0.09 0.3 0.04780373228997409
10 2.5 0 0.09 0.3 0.09000065082153191
11 2.5 0 0.09 0.3 0.033135539758452105
12 2.5 0 0.09 0.3 0.07138124359951939
13 2.5 0 0.09 0.3 0.08378505771698089
1 2.5 5 0.03 0.3 0.8427512481977334
2 2.5 5 0.03 0.3 0.3898103381136717
3 2.5 5 0.03 0.3 1.0372777714941732
4 2.5 5 0.03 0.3 1.2152916571186085
5 2.5 5 0.03 0.3 0.4342647478445403
6 2.5 5 0.03 0.3 0.30090126545336005
7 2.5 5 0.03 0.3 0.3350984279869403
8 2.5 5 0.03 0.3 0.017874072732257097
9 2.5 5 0.03 0.3 0.07983253970471843
10 2.5 5 0.03 0.3 0.12150279438353985
11 2.5 5 0.03 0.3 0.05191244910735035
12 2.5 5 0.03 0.3 0.11630854357553679
13 2.5 5 0.03 0.3 0.14024226898674916
1 2.5 5 0.05 0.3 0.7007969106429917
2 2.5 5 0.05 0.3 0.33118097023050286
3 2.5 5 0.05 0.3 0.8364494959949043
4 2.5 5 0.05 0.3 1.0881037513419434
5 2.5 5 0.05 0.3 0.3943010466770109
6 2.5 5 0.05 0.3 0.24264350278145883
7 2.5 5 0.05 0.3 0.2949486997537665
8 2.5 5 0.05 0.3 0.014581781532121155
9 2.5 5 0.05 0.3 0.06437609041194034
10 2.5 5 0.05 0.3 0.1076709071203063
11 2.5 5 0.05 0.3 0.04197011173024705
12 2.5 5 0.05 0.3 0.09307515269762782
13 2.5 5 0.05 0.3 0.11308983806928813
1 2.5 5 0.07 0.3 0.6247113760006772
2 2.5 5 0.07 0.3 0.30045226929262375
3 2.5 5 0.07 0.3 0.7083901082603771
4 2.5 5 0.07 0.3 1.001112169002656
5 2.5 5 0.07 0.3 0.3646597114046208
6 2.5 5 0.07 0.3 0.20549508132536654
7 2.5 5 0.07 0.3 0.26359406224270227
8 2.5 5 0.07 0.3 0.012320521723828182
9 2.5 5 0.07 0.3 0.05452019025016192
10 2.5 5 0.07 0.3 0.09794910904578599
11 2.5 5 0.07 0.3 0.037232365528882205
12 2.5 5 0.07 0.3 0.07994914962197726
13 2.5 5 0.07 0.3 0.09577592313300837
1 2.5 5 0.09 0.3 0.4938522604870974
2 2.5 5 0.09 0.3 0.27447388864447325
3 2.5 5 0.09 0.3 0.6272046987655039
4 2.5 5 0.09 0.3 0.9342516763351534
5 2.5 5 0.09 0.3 0.3413713880419
6 2.5 5 0.09 0.3 0.18194421276856004
7 2.5 5 0.09 0.3 0.23918631645027977
8 2.5 5 0.09 0.3 0.010778552099277057
9 2.5 5 0.09 0.3 0.04827187605211717
10 2.5 5 0.09 0.3 0.09098736919036883
11 2.5 5 0.09 0.3 0.03351095974970474
12 2.5 5 0.09 0.3 0.07221857342760787
13 2.5 5 0.09 0.3 0.08479947463572819
1 2.5 10 0.03 0.3 0.8714343534158476
2 2.5 10 0.03 0.3 0.40161484911601947
3 2.5 10 0.03 0.3 1.0657471422140385
4 2.5 10 0.03 0.3 1.2523526559105058
5 2.5 10 0.03 0.3 0.4470433785958712
6 2.5 10 0.03 0.3 0.30983543224272486
7 2.5 10 0.03 0.3 0.3448446012919653
8 2.5 10 0.03 0.3 0.01847189166379647
9 2.5 10 0.03 0.3 0.08220316171970615
10 2.5 10 0.03 0.3 0.12553734971196617
11 2.5 10 0.03 0.3 0.05369318434100676
12 2.5 10 0.03 0.3 0.12043765477425054
13 2.5 10 0.03 0.3 0.1453791505911298
1 2.5 10 0.05 0.3 0.7246485887834742
2 2.5 10 0.05 0.3 0.34121002545200424
3 2.5 10 0.05 0.3 0.8594068864300825
4 2.5 10 0.05 0.3 1.1212860838114629
5 2.5 10 0.05 0.3 0.4059037095810524
6 2.5 10 0.05 0.3 0.24984791756163283
7 2.5 10 0.05 0.3 0.303527137919415
8 2.5 10 0.05 0.3 0.015069485995790556
9 2.5 10 0.05 0.3 0.06628773418193512
10 2.5 10 0.05 0.3 0.11124616836629438
11 2.5 10 0.05 0.3 0.04340979831802478
12 2.5 10 0.05 0.3 0.09637944697826398
13 2.5 10 0.05 0.3 0.11723216343964704
1 2.5 10 0.07 0.3 0.6459734769671253
2 2.5 10 0.07 0.3 0.309550776365853
3 2.5 10 0.07 0.3 0.7278327504923602
4 2.5 10 0.07 0.3 1.031641644514673
5 2.5 10 0.07 0.3 0.37539015136101966
6 2.5 10 0.07 0.3 0.2115965090750597
7 2.5 10 0.07 0.3 0.2712605661658213
8 2.5 10 0.07 0.3 0.012732595751011384
9 2.5 10 0.07 0.3 0.056139163713193475
10 2.5 10 0.07 0.3 0.1012015535827227
11 2.5 10 0.07 0.3 0.03850953480657416
12 2.5 10 0.07 0.3 0.08278745297341894
13 2.5 10 0.07 0.3 0.099284063590512
1 2.5 10 0.09 0.3 0.5106605611334007
2 2.5 10 0.09 0.3 0.28278570011165916
3 2.5 10 0.09 0.3 0.6444191070726204
4 2.5 10 0.09 0.3 0.9627422037284523
5 2.5 10 0.09 0.3 0.35141654813953327
6 2.5 10 0.09 0.3 0.18734638328048817
7 2.5 10 0.09 0.3 0.24614293306683352
8 2.5 10 0.09 0.3 0.011139053177909383
9 2.5 10 0.09 0.3 0.04970530623606438
10 2.5 10 0.09 0.3 0.09400864600172938
11 2.5 10 0.09 0.3 0.03466047490004065
12 2.5 10 0.09 0.3 0.07478243082903256
13 2.5 10 0.09 0.3 0.08790556286764757
1 2.5 15 0.03 0.3 0.9212515277837581
2 2.5 15 0.03 0.3 0.4221170708406219
3 2.5 15 0.03 0.3 1.1151930998434982
4 2.5 15 0.03 0.3 1.3167206601773136
5 2.5 15 0.03 0.3 0.4692374636323882
6 2.5 15 0.03 0.3 0.3253524043903813
7 2.5 15 0.03 0.3 0.3617718764689109
8 2.5 15 0.03 0.3 0.019510191029449783
9 2.5 15 0.03 0.3 0.08632048755953427
10 2.5 15 0.03 0.3 0.1325446156535305
11 2.5 15 0.03 0.3 0.0567859874724515
12 2.5 15 0.03 0.3 0.1276091465289476
13 2.5 15 0.03 0.3 0.15430095053736184
1 2.5 15 0.05 0.3 0.7660744804314016
2 2.5 15 0.05 0.3 0.3586286134645538
3 2.5 15 0.05 0.3 0.8992795680538005
4 2.5 15 0.05 0.3 1.1789175721038838
5 2.5 15 0.05 0.3 0.42605535901466013
6 2.5 15 0.05 0.3 0.26236063487705175
7 2.5 15 0.05 0.3 0.31842627616308616
8 2.5 15 0.05 0.3 0.015916537182259834
9 2.5 15 0.05 0.3 0.06960790088965325
10 2.5 15 0.05 0.3 0.1174557266253402
11 2.5 15 0.05 0.3 0.04591026391381989
12 2.5 15 0.05 0.3 0.10211838643721015
13 2.5 15 0.05 0.3 0.12442660573222933
1 2.5 15 0.07 0.3 0.6829017587280809
2 2.5 15 0.07 0.3 0.32535317676525194
3 2.5 15 0.07 0.3 0.761600973663397
4 2.5 15 0.07 0.3 1.0846656178040965
5 2.5 15 0.07 0.3 0.3940269131163238
6 2.5 15 0.07 0.3 0.22219354477911982
7 2.5 15 0.07 0.3 0.28457584565965716
8 2.5 15 0.07 0.3 0.01344829105347496
9 2.5 15 0.07 0.3 0.058951016986803766
10 2.5 15 0.07 0.3 0.10685043976106468
11 2.5 15 0.07 0.3 0.04072773831418939
12 2.5 15 0.07 0.3 0.08771705358299657
13 2.5 15 0.07 0.3 0.10537704562818237
1 2.5 15 0.09 0.3 0.5398534270298154
2 2.5 15 0.09 0.3 0.29722175778481874
3 2.5 15 0.09 0.3 0.6743173058120805
4 2.5 15 0.09 0.3 1.012224906531821
5 2.5 15 0.09 0.3 0.36886310730152166
6 2.5 15 0.09 0.3 0.19672894030530944
7 2.5 15 0.09 0.3 0.2582252714455491
8 2.5 15 0.09 0.3 0.011765175941030047
9 2.5 15 0.09 0.3 0.05219490563176812
10 2.5 15 0.09 0.3 0.09925603719528191
11 2.5 15 0.09 0.3 0.03665696712943405
12 2.5 15 0.09 0.3 0.07923537029461632
13 2.5 15 0.09 0.3 0.09330025559268491
1 3.75 0 0.03 0.3 1.8909235937242306
2 3.75 0 0.03 0.3 0.788345641252099
3 3.75 0 0.03 0.3 1.7250836995932652
4 3.75 0 0.03 0.3 2.095717419134999
5 3.75 0 0.03 0.3 0.7440705195259555
6 3.75 0 0.03 0.3 0.5036477844059072
7 3.75 0 0.03 0.3 0.5606347146131904
8 3.75 0 0.03 0.3 0.03080273273394848
9 3.75 0 0.03 0.3 0.15245843334043213
10 3.75 0 0.03 0.3 0.2070964382073587
11 3.75 0 0.03 0.3 0.07939712568398448
12 3.75 0 0.03 0.3 0.17581424582811933
13 3.75 0 0.03 0.3 0.21168035747748298
1 3.75 0 0.05 0.3 1.572413467886037
2 3.75 0 0.05 0.3 0.6697746283751039
3 3.75 0 0.05 0.3 1.3910887042294218
4 3.75 0 0.05 0.3 1.8763874269655203
5 3.75 0 0.05 0.3 0.6755965942591763
6 3.75 0 0.05 0.3 0.4061360871721308
7 3.75 0 0.05 0.3 0.4934624167154521
8 3.75 0 0.05 0.3 0.025129064094506184
9 3.75 0 0.05 0.3 0.12294081993493625
10 3.75 0 0.05 0.3 0.18352056408499806
11 3.75 0 0.05 0.3 0.06419088856945242
12 3.75 0 0.05 0.3 0.14069420245334682
13 3.75 0 0.05 0.3 0.17069673446198635
1 3.75 0 0.07 0.3 1.352662598288667
2 3.75 0 0.07 0.3 0.6076294385811581
3 3.75 0 0.07 0.3 1.1781147367621476
4 3.75 0 0.07 0.3 1.7263742401237638
5 3.75 0 0.07 0.3 0.6248090416313362
6 3.75 0 0.07 0.3 0.34395715238982505
7 3.75 0 0.07 0.3 0.4410047004605116
8 3.75 0 0.07 0.3 0.021232191649136405
9 3.75 0 0.07 0.3 0.10411873180668346
10 3.75 0 0.07 0.3 0.16695016531829235
11 3.75 0 0.07 0.3 0.05694477637330633
12 3.75 0 0.07 0.3 0.12085268212698907
13 3.75 0 0.07 0.3 0.1445632746318924
1 3.75 0 0.09 0.3 0.7582809305255925
2 3.75 0 0.09 0.3 0.5550912138386804
3 3.75 0 0.09 0.3 1.0430962967519382
4 3.75 0 0.09 0.3 1.6110762387637845
5 3.75 0 0.09 0.3 0.584906758636007
6 3.75 0 0.09 0.3 0.30453776759063134
7 3.75 0 0.09 0.3 0.4001694459387584
8 3.75 0 0.09 0.3 0.018574885788273578
9 3.75 0 0.09 0.3 0.09218615146818802
10 3.75 0 0.09 0.3 0.15508417050641973
11 3.75 0 0.09 0.3 0.05125309879979299
12 3.75 0 0.09 0.3 0.10916699351248788
13 3.75 0 0.09 0.3 0.12799552684426224
1 3.75 5 0.03 0.3 1.9002912050227303
2 3.75 5 0.03 0.3 0.7922008748398844
3 3.75 5 0.03 0.3 1.7343815073720468
4 3.75 5 0.03 0.3 2.107821165517292
5 3.75 5 0.03 0.3 0.7482438907455373
6 3.75 5 0.03 0.3 0.5065655926809288
7 3.75 5 0.03 0.3 0.5638177159819413
8 3.75 5 0.03 0.3 0.03099797433470824
9 3.75 5 0.03 0.3 0.1532326544508454
10 3.75 5 0.03 0.3 0.20841408306455222
11 3.75 5 0.03 0.3 0.07997869575345876
12 3.75 5 0.03 0.3 0.17716277167368938
13 3.75 5 0.03 0.3 0.2133580109180826
1 3.75 5 0.05 0.3 1.5802031840948614
2 3.75 5 0.05 0.3 0.6730500161091656
3 3.75 5 0.05 0.3 1.398586355142365
4 3.75 5 0.05 0.3 1.8872244402591765
5 3.75 5 0.05 0.3 0.6793859063049288
6 3.75 5 0.05 0.3 0.40848897598178496
7 3.75 5 0.05 0.3 0.4962640476292925
8 3.75 5 0.05 0.3 0.025288343426693442
9 3.75 5 0.05 0.3 0.12356514340487912
10 3.75 5 0.05 0.3 0.1846882081524143
11 3.75 5 0.05 0.3 0.06466107560964249
12 3.75 5 0.05 0.3 0.1417733514576641
13 3.75 5 0.05 0.3 0.17204957592201514
1 3.75 5 0.07 0.3 1.3596065848524839
2 3.75 5 0.07 0.3 0.6106009187263705
3 3.75 5 0.07 0.3 1.1844645065538084
4 3.75 5 0.07 0.3 1.7363448572368314
5 3.75 5 0.07 0.3 0.6283134945073086
6 3.75 5 0.07 0.3 0.3459498168203452
7 3.75 5 0.07 0.3 0.44350850289836075
8 3.75 5 0.07 0.3 0.021366770847710128
9 3.75 5 0.07 0.3 0.10464747212224344
10 3.75 5 0.07 0.3 0.1680123807221082
11 3.75 5 0.07 0.3 0.05736188690805583
12 3.75 5 0.07 0.3 0.12177964321928891
13 3.75 5 0.07 0.3 0.1457089977304389
1 3.75 5 0.09 0.3 0.7637703510693434
2 3.75 5 0.09 0.3 0.5578057671765747
3 3.75 5 0.09 0.3 1.0487183479395095
4 3.75 5 0.09 0.3 1.6203809560975666
5 3.75 5 0.09 0.3 0.5881874060592994
6 3.75 5 0.09 0.3 0.30630206169823027
7 3.75 5 0.09 0.3 0.40244140638101217
8 3.75 5 0.09 0.3 0.018692621784834534
9 3.75 5 0.09 0.3 0.0926542952303311
10 3.75 5 0.09 0.3 0.15607088887525666
11 3.75 5 0.09 0.3 0.05162851879104563
12 3.75 5 0.09 0.3 0.11000432334057637
13 3.75 5 0.09 0.3 0.12900994376300953
1 3.75 10 0.03 0.3 1.9289743102408448
2 3.75 10 0.03 0.3 0.8040053858422322
3 3.75 10 0.03 0.3 1.7628508780919117
4 3.75 10 0.03 0.3 2.1448821643091893
5 3.75 10 0.03 0.3 0.7610225214968682
6 3.75 10 0.03 0.3 0.5154997594702936
7 3.75 10 0.03 0.3 0.5735638892869663
8 3.75 10 0.03 0.3 0.031595793266247625
9 3.75 10 0.03 0.3 0.15560327646583313
10 3.75 10 0.03 0.3 0.21244863839297856
11 3.75 10 0.03 0.3 0.08175943098711513
12 3.75 10 0.03 0.3 0.18129188287240314
13 3.75 10 0.03 0.3 0.21849489252246324
1 3.75 10 0.05 0.3 1.604054862235344
2 3.75 10 0.05 0.3 0.683079071330667
3 3.75 10 0.05 0.3 1.421543745577543
4 3.75 10 0.05 0.3 1.9204067727286955
5 3.75 10 0.05 0.3 0.6909885692089702
6 3.75 10 0.05 0.3 0.41569339076195894
7 3.75 10 0.05 0.3 0.5048424857949411
8 3.75 10 0.05 0.3 0.025776047890362846
9 3.75 10 0.05 0.3 0.12547678717487387
10 3.75 10 0.05 0.3 0.18826346939840238
11 3.75 10 0.05 0.3 0.06610076219742021
12 3.75 10 0.05 0.3 0.14507764573830023
13 3.75 10 0.05 0.3 0.17619190129237408
1 3.75 10 0.07 0.3 1.3808686858189323
2 3.75 10 0.07 0.3 0.6196994257995999
3 3.75 10 0.07 0.3 1.2039071487857917
4 3.75 10 0.07 0.3 1.766874332748848
5 3.75 10 0.07 0.3 0.6390439344637074
6 3.75 10 0.07 0.3 0.3520512445700384
7 3.75 10 0.07 0.3 0.45117500682147993
8 3.75 10 0.07 0.3 0.02177884487489333
9 3.75 10 0.07 0.3 0.10626644558527497
10 3.75 10 0.07 0.3 0.17126482525904488
11 3.75 10 0.07 0.3 0.05863905618574778
12 3.75 10 0.07 0.3 0.12461794657073061
13 3.75 10 0.07 0.3 0.14921713818794258
1 3.75 10 0.09 0.3 0.780578651715647
2 3.75 10 0.09 0.3 0.5661175786437609
3 3.75 10 0.09 0.3 1.0659327562466256
4 3.75 10 0.09 0.3 1.6488714834908653
5 3.75 10 0.09 0.3 0.5982325661569325
6 3.75 10 0.09 0.3 0.3117042322101583
7 3.75 10 0.09 0.3 0.40939802299756595
8 3.75 10 0.09 0.3 0.01905312286346686
9 3.75 10 0.09 0.3 0.0940877254142783
10 3.75 10 0.09 0.3 0.15909216568661724
11 3.75 10 0.09 0.3 0.05277803394138152
12 3.75 10 0.09 0.3 0.11256818074200108
13 3.75 10 0.09 0.3 0.1321160319949289
1 3.75 15 0.03 0.3 1.978791484608755
2 3.75 15 0.03 0.3 0.8245076075668345
3 3.75 15 0.03 0.3 1.8122968357213711
4 3.75 15 0.03 0.3 2.2092501685759967
5 3.75 15 0.03 0.3 0.7832166065333854
6 3.75 15 0.03 0.3 0.5310167316179502
7 3.75 15 0.03 0.3 0.5904911644639119
8 3.75 15 0.03 0.3 0.032634092631900924
9 3.75 15 0.03 0.3 0.15972060230566126
10 3.75 15 0.03 0.3 0.21945590433454285
11 3.75 15 0.03 0.3 0.0848522341185599
12 3.75 15 0.03 0.3 0.18846337462710017
13 3.75 15 0.03 0.3 0.2274166924686953
1 3.75 15 0.05 0.3 1.6454807538832714
2 3.75 15 0.05 0.3 0.7004976593432166
3 3.75 15 0.05 0.3 1.461416427201261
4 3.75 15 0.05 0.3 1.9780382610211162
5 3.75 15 0.05 0.3 0.7111402186425779
6 3.75 15 0.05 0.3 0.4282061080773778
7 3.75 15 0.05 0.3 0.5197416240386122
8 3.75 15 0.05 0.3 0.026623099076832118
9 3.75 15 0.05 0.3 0.12879695388259205
10 3.75 15 0.05 0.3 0.19447302765744817
11 3.75 15 0.05 0.3 0.06860122779321531
12 3.75 15 0.05 0.3 0.15081658519724642
13 3.75 15 0.05 0.3 0.1833863435849564
1 3.75 15 0.07 0.3 1.4177969675798878
2 3.75 15 0.07 0.3 0.6355018261989986
3 3.75 15 0.07 0.3 1.2376753719568283
4 3.75 15 0.07 0.3 1.8198983060382714
5 3.75 15 0.07 0.3 0.6576806962190116
6 3.75 15 0.07 0.3 0.3626482802740984
7 3.75 15 0.07 0.3 0.4644902863153157
8 3.75 15 0.07 0.3 0.0224945401773569
9 3.75 15 0.07 0.3 0.10907829885888527
10 3.75 15 0.07 0.3 0.17691371143738682
11 3.75 15 0.07 0.3 0.06085725969336302
12 3.75 15 0.07 0.3 0.12954754718030823
13 3.75 15 0.07 0.3 0.15531012022561297
1 3.75 15 0.09 0.3 0.8097715176120616
2 3.75 15 0.09 0.3 0.5805536363169205
3 3.75 15 0.09 0.3 1.0958309549860856
4 3.75 15 0.09 0.3 1.6983541862942337
5 3.75 15 0.09 0.3 0.6156791253189211
6 3.75 15 0.09 0.3 0.32108678923497963
7 3.75 15 0.09 0.3 0.4214803613762815
8 3.75 15 0.09 0.3 0.019679245626587523
9 3.75 15 0.09 0.3 0.09657732480998205
10 3.75 15 0.09 0.3 0.16433955688016977
11 3.75 15 0.09 0.3 0.05477452617077494
12 3.75 15 0.09 0.3 0.11702112020758482
13 3.75 15 0.09 0.3 0.13751072471996628
1 5 0 0.03 0.3 2.4948157422778983
2 5 0 0.03 0.3 1.3206991206180836
3 5 0 0.03 0.3 2.4995744577964865
4 5 0 0.03 0.3 3.1244851012461523
5 5 0 0.03 0.3 1.1029336302401835
6 5 0 0.03 0.3 0.7344590199298632
7 5 0 0.03 0.3 0.8168466108258488
8 5 0 0.03 0.3 0.046263153695185265
9 5 0 0.03 0.3 0.24607463587030892
10 5 0 0.03 0.3 0.3076469729329037
11 5 0 0.03 0.3 0.10895232463022089
12 5 0 0.03 0.3 0.23947152656618192
13 5 0 0.03 0.3 0.288362259534894
1 5 0 0.05 0.3 1.6614603649165829
2 5 0 0.05 0.3 1.12205955918317
3 5 0 0.05 0.3 2.015629615212815
4 5 0 0.05 0.3 2.7974881089356027
5 5 0 0.05 0.3 1.0014349241506069
6 5 0 0.05 0.3 0.5922597533005134
7 5 0 0.05 0.3 0.7189763533320561
8 5 0 0.05 0.3 0.03235192896492879
9 5 0 0.05 0.3 0.19843190590535625
10 5 0 0.05 0.3 0.27262441836473106
11 5 0 0.05 0.3 0.08808563873656766
12 5 0 0.05 0.3 0.19163552578926324
13 5 0 0.05 0.3 0.23253218499464273
1 5 0 0.07 0.3 1.352662598288667
2 5 0 0.07 0.3 1.0179490101844446
3 5 0 0.07 0.3 1.70703920340712
4 5 0 0.07 0.3 2.5738348802140587
5 5 0 0.07 0.3 0.9261526782869685
6 5 0 0.07 0.3 0.5015855144485267
7 5 0 0.07 0.3 0.6425452893654295
8 5 0 0.07 0.3 0.023798409729155177
9 5 0 0.07 0.3 0.16805222548363466
10 5 0 0.07 0.3 0.24800867381115327
11 5 0 0.07 0.3 0.07814219605523191
12 5 0 0.07 0.3 0.16460996173689404
13 5 0 0.07 0.3 0.196931793839446
1 5 0 0.09 0.3 0.7582809305255925
2 5 0 0.09 0.3 0.9299328107087671
3 5 0 0.09 0.3 1.5114031052510601
4 5 0 0.09 0.3 2.4019381902483836
5 5 0 0.09 0.3 0.8670056368654809
6 5 0 0.09 0.3 0.4441010508565641
7 5 0 0.09 0.3 0.5830481901154858
8 5 0 0.09 0.3 0.01892676740073703
9 5 0 0.09 0.3 0.1487925145089597
10 5 0 0.09 0.3 0.23038143977318795
11 5 0 0.09 0.3 0.07033181882384226
12 5 0 0.09 0.3 0.14869322143914007
13 5 0 0.09 0.3 0.17436232521053235
1 5 5 0.03 0.3 2.5041833535763978
2 5 5 0.03 0.3 1.3245543542058693
3 5 5 0.03 0.3 2.5088722655752673
4 5 5 0.03 0.3 3.136588847628445
5 5 5 0.03 0.3 1.1071070014597655
6 5 5 0.03 0.3 0.737376828204885
7 5 5 0.03 0.3 0.8200296121945996
8 5 5 0.03 0.3 0.046458395295945025
9 5 5 0.03 0.3 0.24684885698072223
10 5 5 0.03 0.3 0.3089646177900972
11 5 5 0.03 0.3 0.10953389469969517
12 5 5 0.03 0.3 0.24082005241175197
13 5 5 0.03 0.3 0.29003991297549364
1 5 5 0.05 0.3 1.669250081125407
2 5 5 0.05 0.3 1.1253349469172316
3 5 5 0.05 0.3 2.0231272661257584
4 5 5 0.05 0.3 2.8083251222292582
5 5 5 0.05 0.3 1.005224236196359
6 5 5 0.05 0.3 0.5946126421101675
7 5 5 0.05 0.3 0.7217779842458966
8 5 5 0.05 0.3 0.032511208297116054
9 5 5 0.05 0.3 0.19905622937529913
10 5 5 0.05 0.3 0.27379206243214727
11 5 5 0.05 0.3 0.08855582577675772
12 5 5 0.05 0.3 0.19271467479358045
13 5 5 0.05 0.3 0.23388502645467157
1 5 5 0.07 0.3 1.3596065848524839
2 5 5 0.07 0.3 1.0209204903296571
3 5 5 0.07 0.3 1.7133889731987806
4 5 5 0.07 0.3 2.5838054973271265
5 5 5 0.07 0.3 0.9296571311629409
6 5 5 0.07 0.3 0.5035781788790468
7 5 5 0.07 0.3 0.6450490918032789
8 5 5 0.07 0.3 0.0239329889277289
9 5 5 0.07 0.3 0.16858096579919465
10 5 5 0.07 0.3 0.2490708892149691
11 5 5 0.07 0.3 0.07855930658998142
12 5 5 0.07 0.3 0.16553692282919388
13 5 5 0.07 0.3 0.19807751693799253
1 5 5 0.09 0.3 0.7637703510693434
2 5 5 0.09 0.3 0.9326473640466616
3 5 5 0.09 0.3 1.5170251564386312
4 5 5 0.09 0.3 2.411242907582165
5 5 5 0.09 0.3 0.8702862842887732
6 5 5 0.09 0.3 0.445865344964163
7 5 5 0.09 0.3 0.5853201505577396
8 5 5 0.09 0.3 0.019044503397297987
9 5 5 0.09 0.3 0.1492606582711028
10 5 5 0.09 0.3 0.23136815814202485
11 5 5 0.09 0.3 0.07070723881509491
12 5 5 0.09 0.3 0.14953055126722856
13 5 5 0.09 0.3 0.17537674212927964
1 5 10 0.03 0.3 2.5328664587945124
2 5 10 0.03 0.3 1.3363588652082168
3 5 10 0.03 0.3 2.537341636295133
4 5 10 0.03 0.3 3.173649846420342
5 5 10 0.03 0.3 1.1198856322110966
6 5 10 0.03 0.3 0.7463109949942498
7 5 10 0.03 0.3 0.8297757854996246
8 5 10 0.03 0.3 0.0470562142274844
9 5 10 0.03 0.3 0.24921947899570995
10 5 10 0.03 0.3 0.3129991731185236
11 5 10 0.03 0.3 0.11131462993335156
12 5 10 0.03 0.3 0.2449491636104657
13 5 10 0.03 0.3 0.29517679457987417
1 5 10 0.05 0.3 1.6931017592658897
2 5 10 0.05 0.3 1.1353640021387328
3 5 10 0.05 0.3 2.0460846565609367
4 5 10 0.05 0.3 2.8415074546987777
5 5 10 0.05 0.3 1.0168268991004004
6 5 10 0.05 0.3 0.6018170568903416
7 5 10 0.05 0.3 0.7303564224115452
8 5 10 0.05 0.3 0.03299891276078546
9 5 10 0.05 0.3 0.20096787314529388
10 5 10 0.05 0.3 0.2773673236781353
11 5 10 0.05 0.3 0.08999551236453547
12 5 10 0.05 0.3 0.1960189690742166
13 5 10 0.05 0.3 0.23802735182503046
1 5 10 0.07 0.3 1.3808686858189323
2 5 10 0.07 0.3 1.0300189974028864
3 5 10 0.07 0.3 1.7328316154307641
4 5 10 0.07 0.3 2.6143349728391434
5 5 10 0.07 0.3 0.9403875711193395
6 5 10 0.07 0.3 0.5096796066287399
7 5 10 0.07 0.3 0.6527155957263978
8 5 10 0.07 0.3 0.02434506295491211
9 5 10 0.07 0.3 0.17019993926222618
10 5 10 0.07 0.3 0.25232333375190585
11 5 10 0.07 0.3 0.07983647586767337
12 5 10 0.07 0.3 0.16837522618063558
13 5 10 0.07 0.3 0.20158565739549614
1 5 10 0.09 0.3 0.780578651715647
2 5 10 0.09 0.3 0.9409591755138476
3 5 10 0.09 0.3 1.5342395647457479
4 5 10 0.09 0.3 2.4397334349754645
5 5 10 0.09 0.3 0.8803314443864063
6 5 10 0.09 0.3 0.45126751547609106
7 5 10 0.09 0.3 0.5922767671742932
8 5 10 0.09 0.3 0.019405004475930313
9 5 10 0.09 0.3 0.15069408845505
10 5 10 0.09 0.3 0.23438943495338543
11 5 10 0.09 0.3 0.07185675396543081
12 5 10 0.09 0.3 0.15209440866865323
13 5 10 0.09 0.3 0.17848283036119905
1 5 15 0.03 0.3 2.5826836331624228
2 5 15 0.03 0.3 1.3568610869328193
3 5 15 0.03 0.3 2.5867875939245923
4 5 15 0.03 0.3 3.2380178506871493
5 5 15 0.03 0.3 1.1420797172476134
6 5 15 0.03 0.3 0.7618279671419063
7 5 15 0.03 0.3 0.8467030606765702
8 5 15 0.03 0.3 0.04809451359313772
9 5 15 0.03 0.3 0.25333680483553805
10 5 15 0.03 0.3 0.3200064390600879
11 5 15 0.03 0.3 0.11440743306479631
12 5 15 0.03 0.3 0.25212065536516276
13 5 15 0.03 0.3 0.30409859452610627
1 5 15 0.05 0.3 1.7345276509138174
2 5 15 0.05 0.3 1.1527825901512825
3 5 15 0.05 0.3 2.085957338184655
4 5 15 0.05 0.3 2.8991389429911987
5 5 15 0.05 0.3 1.0369785485340084
6 5 15 0.05 0.3 0.6143297742057605
7 5 15 0.05 0.3 0.7452555606552164
8 5 15 0.05 0.3 0.03384596394725473
9 5 15 0.05 0.3 0.20428803985301203
10 5 15 0.05 0.3 0.28357688193718117
11 5 15 0.05 0.3 0.09249597796033059
12 5 15 0.05 0.3 0.20175790853316278
13 5 15 0.05 0.3 0.24522179411761275
1 5 15 0.07 0.3 1.4177969675798878
2 5 15 0.07 0.3 1.0458213978022852
3 5 15 0.07 0.3 1.766599838601801
4 5 15 0.07 0.3 2.6673589461285663
5 5 15 0.07 0.3 0.9590243328746437
6 5 15 0.07 0.3 0.5202766423328
7 5 15 0.07 0.3 0.6660308752202339
8 5 15 0.07 0.3 0.025060758257375672
9 5 15 0.07 0.3 0.1730117925358365
10 5 15 0.07 0.3 0.2579722199302478
11 5 15 0.07 0.3 0.0820546793752886
12 5 15 0.07 0.3 0.17330482679021317
13 5 15 0.07 0.3 0.20767863943316653
1 5 15 0.09 0.3 0.8097715176120616
2 5 15 0.09 0.3 0.955395233187007
3 5 15 0.09 0.3 1.5641377634852078
4 5 15 0.09 0.3 2.4892161377788327
5 5 15 0.09 0.3 0.8977780035483947
6 5 15 0.09 0.3 0.4606500725009123
7 5 15 0.09 0.3 0.6043591055530088
8 5 15 0.09 0.3 0.020031127239050976
9 5 15 0.09 0.3 0.1531836878507537
10 5 15 0.09 0.3 0.23963682614693796
11 5 15 0.09 0.3 0.07385324619482422
12 5 15 0.09 0.3 0.15654734813423699
13 5 15 0.09 0.3 0.18387752308623637
